3368
427
4772
4018
4955
633
1801
2880
1957
3852
235
1610
1669
2875
696
3318
3464
4481
2725
254
984
3110
693
745
3268
4887
2422
19
1208
1881
3683
4958
1261
3587
1953
4227
1104
1714
2199
312
1376
1315
1821
2723
3251
277
2496
1074
4539
1014
4888
4414
2504
2158
2457
2556
1847
1545
1328
912
1767
4859
2189
4724
1349
2188
212
1739
795
4771
4919
2108
1931
3891
825
1867
4925
3953
3739
4303
4388
1591
2224
578
3026
3176
73
2464
3219
2256
1811
3676
2804
3640
1906
1530
1531
448
749
3216
3542
241
3468
180
3127
830
4323
3534
1467
1190
891
4234
4634
4499
2284
1894
3865
4617
2534
1415
1251
4042
311
4200
563
3008
4261
1065
4822
2135
874
3898
419
4356
709
438
1654
1222
2412
91
82
1885
3887
2632
4792
986
1202
1989
3285
3311
2229
57
2510
653
3809
4928
1150
3160
108
3130
648
4828
71
259
3192
4681
531
3533
3459
879
2572
2066
1122
1125
3177
2800
2582
701
1937
1520
562
3541
3231
492
4861
1889
722
2466
622
4936
1461
391
2641
360
4656
4408
1301
530
2372
1212
4316
2628
4431
4668
2273
2143
3916
1103
1501
2071
1037
3577
4260
4168
3626
1607
3350
974
3058
4659
4675
1203
3077
3954
4228
3754
3604
2551
4512
2110
2927
4447
441
1890
896
4082
4788
2810
3616
2010
833
1731
2302
726
843
2460
998
748
1348
3700
2117
314
2526
2061
3575
3273
580
4017
4262
3811
1845
2034
4212
1437
2033
3709
1149
78
4243
4747
348
3949
2483
2847
1228
944
2960
1359
599
20
4282
4273
68
3582
4503
929
2714
4128
3146
2304
798
3596
3593
1958
1537
4022
4648
1381
3765
2893
2782
467
541
1754
1522
4610
3922
616
4794
4056
2414
2206
4434
4625
3985
2870
2720
4803
2175
2399
729
2708
914
510
2056
4225
3075
2819
776
707
1869
4181
3032
3549
3384
4779
2267
3854
3672
3719
1178
3602
3006
4296
650
2944
1564
1863
1133
8
2771
3750
2762
1720
4979
1690
688
3493
1342
336
4954
1112
293
1712
2408
3424
195
2613
3257
1338
3044
3686
2340
4405
1490
3660
1685
1110
4624
3116
3696
4776
4221
2846
1980
4631
3931
3351
2406
4469
900
3087
2912
2918
3618
3767
3303
1035
2426
3883
1926
1096
4746
2057
765
516
1663
4748
3057
690
4473
3545
2263
1619
2289
3165
4793
4318
194
1445
2019
2869
3407
4088
3288
3325
1510
2897
4935
1397
2
205
804
4874
2172
186
3598
545
3346
2521
2382
4422
666
3522
2658
597
2679
320
4137
3637
1514
4839
3609
3013
565
581
4890
4943
2737
3646
4406
4224
934
813
2000
4468
372
1566
629
4661
2326
739
50
3244
3813
2754
4893
2887
2867
4515
2508
4195
751
2415
1041
1255
3716
2964
1681
3372
4121
4267
2253
2502
4457
4616
3239
3566
2821
1156
3638
3535
3934
3011
3494
4338
1605
4278
250
1298
2192
1147
3625
4836
474
2130
1047
2564
4948
4033
3659
1274
3895
3511
3019
2951
269
396
4358
3597
2322
121
3149
3381
2259
4492
2240
4526
3627
3258
875
3821
1090
1079
3367
457
1593
4809
123
2488
3619
4192
1369
4543
2265
4025
2837
262
760
1601
662
1245
2388
692
3061
3167
3123
870
1849
4965
4529
747
2279
440
495
2945
3543
281
3589
718
1386
1612
2823
2254
1293
1518
3877
544
3513
3556
2228
4991
2244
4811
1859
100
1879
3763
1469
4209
4235
686
3761
786
2393
2868
2783
114
1423
1084
1874
3818
1480
14
4305
3365
2650
3930
700
444
3306
208
871
3369
4274
3230
4845
1406
3431
3059
1860
1534
3736
209
4879
423
2506
1142
4720
3028
3361
1647
1067
1824
4242
959
2065
3218
640
540
1017
4535
3624
4997
2085
1677
3860
2211
1407
1952
2164
3208
3907
4702
1818
4387
127
2351
2860
4289
1966
618
3792
921
3376
1384
4883
325
2920
395
149
950
4151
141
508
2435
3910
3723
1007
2451
1250
691
1578
2799
2262
3262
2031
2321
4037
3634
1305
3571
1744
2081
4519
4846
956
4415
977
4554
4277
3040
255
2820
2638
1325
3455
110
67
713
2449
1413
89
3748
3131
2989
1382
2876
4174
2407
4199
1768
2361
663
791
3413
3421
1258
2987
1742
1954
2829
1710
1304
3734
4067
3574
1398
2735
4963
4714
322
2350
3201
4409
962
1752
1009
179
3352
847
4912
484
1265
2205
1774
4313
946
4635
2772
1013
2660
1851
623
3033
112
3092
3512
3943
2261
4542
4300
3101
2863
952
3986
3189
1086
3884
2982
1316
992
4097
2264
1100
4362
4730
2310
187
3704
854
861
3611
1850
2358
736
4815
4438
4246
273
2059
1817
504
646
4063
3531
1570
206
1509
1792
1912
1583
1227
4023
3348
1444
2851
3153
1489
820
4561
1773
913
3181
777
3134
3469
4718
2994
1998
1725
1833
3253
446
2468
4491
589
1475
2664
1589
2934
1117
1155
4742
1193
4837
3305
2430
762
766
2850
2180
1970
1846
2522
876
4176
319
3797
2184
2402
332
3169
3293
3665
3855
4835
3826
3840
2606
1182
4245
4686
2608
3805
4947
4930
358
3607
3528
4357
260
702
2437
3191
4191
3656
2479
387
2446
160
1106
4350
785
4738
3643
3302
1882
4973
2537
857
4866
4394
21
4122
4969
1797
845
772
4939
3120
2512
222
4744
442
2533
2144
4290
2165
4764
1495
4983
4321
2493
3776
4012
4092
1653
3707
4802
4187
4960
1457
1922
3135
1161
3689
681
3978
2943
4455
2939
611
1028
3102
1000
2767
2453
2424
4985
417
61
1426
2086
522
3889
781
1513
4557
1692
2128
2844
390
1282
126
404
3557
676
1778
144
2763
673
4534
4896
2929
4592
4053
289
2681
153
1794
4184
1427
422
2442
80
1450
178
571
4010
1919
2812
2008
2808
3924
3377
1705
2652
4641
2602
1679
4106
34
1981
734
4755
3485
1868
2605
2064
4977
4424
1389
1999
1997
4390
2864
556
3737
1263
1809
1454
2872
204
3881
4166
4324
1116
4149
4132
2030
3213
4014
4030
955
1092
3540
4026
4198
2874
335
793
4078
993
3332
3524
638
1637
519
3961
1157
3418
3902
3996
1941
1694
706
4966
740
3471
3178
2309
466
4344
4371
4996
4163
4517
3874
3207
880
658
3968
4099
134
2055
3846
1575
3491
3997
919
4441
3291
2623
4236
3373
4188
3976
1022
4797
3864
4538
2710
4691
237
3029
84
4451
4913
1232
69
2063
3901
965
4553
4949
39
1026
3446
4098
2074
1916
3900
306
672
2965
3505
3113
4777
3274
4970
4692
3568
4509
888
1198
4705
509
3141
4700
1667
3429
3030
2447
2953
1636
3180
3863
3555
4981
2190
3443
310
3155
2903
953
2687
2547
4801
3550
2768
279
2105
4135
143
2584
4211
4381
1272
3532
2941
4378
2648
1416
113
3632
4594
1129
1594
4157
238
1884
326
3300
1370
2007
2163
4645
3690
3099
3091
2593
1854
3981
2963
3223
4588
823
3290
2485
1058
814
2050
2116
1072
3790
2062
2212
463
2926
464
1733
2444
2343
4643
4727
2841
3728
4736
1153
2281
3152
2021
1680
1221
659
239
1098
3062
1494
4633
1707
3206
1579
1921
76
664
3196
3128
447
1152
1990
2193
3297
3439
3758
4593
2198
2781
1071
2231
2120
1177
1436
4104
1713
1409
4508
4986
2917
4007
1617
4525
1632
657
3148
23
2983
4505
3675
1453
2237
754
630
4711
3287
1288
207
4876
2246
1187
2455
3398
4687
1463
331
598
4905
3866
2590
4001
4957
3812
4937
725
3498
4850
3162
1590
4941
4721
3283
106
560
4494
3629
1932
290
3023
1459
4337
1393
3357
3403
2677
1297
4270
491
4571
3633
60
158
4678
1565
3984
4233
2091
392
3284
2985
3383
1244
915
1819
3119
2003
2644
3807
258
449
278
4854
2401
1392
137
1758
3142
3560
1311
1363
2857
3605
2766
593
3908
4196
4472
1775
2045
1206
667
4781
1965
2221
3914
2901
2661
282
4177
136
189
3772
2369
339
2826
3904
3956
1468
1174
3962
4851
4497
1141
3145
4651
2069
264
1300
2954
2610
763
4994
2724
1506
3708
2041
969
2115
3762
4297
2525
4306
4162
1496
3170
1485
2607
3623
641
886
1886
4237
1006
828
1027
4448
3838
436
3572
3952
401
3449
1672
1982
3592
1678
2689
4372
1073
518
2434
3636
4630
4259
4713
2815
1241
922
4363
2690
1290
4816
643
1036
4596
2454
145
1201
4903
1229
2101
421
2113
2599
4201
942
1456
2308
2303
2077
2757
214
1923
426
1330
3452
2627
982
54
2674
1856
181
2625
4897
4995
4666
1139
4998
1181
3454
3457
3204
4753
3002
1081
4920
1387
937
3661
1379
407
3691
284
4929
2319
1828
3489
1909
4215
4573
3671
2740
3857
2639
885
1784
4292
2123
3074
2396
1078
490
3580
4488
1728
4653
3440
4264
4164
936
3982
3279
1961
3964
1855
3470
3425
537
2290
3461
301
3608
2341
4615
1176
4193
4927
1385
3404
3355
3416
1585
177
4564
2966
964
245
354
1099
3842
2726
2494
309
315
415
3183
2601
3021
1372
3856
3282
1188
1865
3958
1217
1949
2185
2017
1431
3746
848
2619
244
3068
3504
4027
3286
2420
1861
174
1233
4563
370
471
3294
3994
2473
4614
2495
3991
1021
538
378
636
3745
669
2667
2318
3654
3401
2609
756
617
1592
2925
188
3787
3906
3209
570
1831
2744
450
167
1893
892
3071
211
4639
1412
1946
3441
3411
4077
4847
3965
4383
2787
1951
1299
2275
4158
4231
1020
1975
3621
1196
1835
2404
1167
3333
32
191
362
3190
4773
714
1280
3957
4129
2743
394
1529
397
1635
3426
3085
4613
4319
3438
4334
3712
3467
1356
4087
1895
3451
3515
1466
1024
2443
30
4754
1023
4444
698
3713
4601
4136
380
1008
3161
3000
3217
600
3599
961
2296
4285
2827
4084
3260
3065
265
932
1283
3784
1473
4567
1616
1659
3518
4380
1943
1988
1130
1354
4572
3380
3139
456
3747
79
3925
2398
1944
547
852
4558
316
4609
855
2902
3967
2552
3203
1848
4275
4591
3502
1276
1918
945
1512
4531
2881
894
3980
1050
3136
338
2542
3034
2786
4817
1891
2433
4548
1515
2683
4368
219
1576
3124
2932
1344
569
4232
4293
4784
1205
1750
4148
4865
2068
3184
744
1358
4258
233
2904
2977
1577
3210
1665
3336
627
3781
3389
1089
2392
1547
4134
2589
280
1380
1240
4580
4805
2292
2882
1915
564
1528
4479
4749
1762
270
909
2834
2250
3035
3450
796
619
1080
1180
3628
4726
3214
4329
1199
1048
3018
4870
1760
3544
2643
2630
4507
1068
3927
3890
2467
3047
4756
2312
1673
4044
2352
3330
4881
31
3794
345
4254
1054
1310
2736
1049
1164
3567
3859
1060
753
2330
2365
2239
1933
4598
2002
154
529
4962
4284
1586
975
1408
3315
4359
2849
1226
4064
2297
3939
40
2947
4256
2238
4902
1883
59
2305
4467
2715
1097
4080
236
1687
4147
4524
1417
1336
1260
414
1010
1002
271
3385
2545
838
3064
1435
1332
1281
4477
4403
2463
3442
170
4474
2338
4674
1364
3841
4090
2200
428
2148
1993
3786
3055
157
614
3969
4990
3988
368
2097
2831
3105
3264
2539
104
3166
4094
4116
1267
1388
4150
198
1264
2377
1284
2668
4374
4895
4734
3583
3941
3755
1661
183
2182
3770
4510
3972
355
976
389
826
1399
2535
3715
943
232
3974
2325
2536
66
2280
2334
1899
53
1059
1360
4873
1858
4354
4476
568
1888
3434
2487
2923
159
1296
2561
789
2232
2791
665
4824
1914
2235
4458
4704
4230
3248
4386
3699
4762
3933
192
2795
2998
3308
302
1488
4180
184
1930
2006
473
420
1766
1898
4367
3171
1542
1562
1185
4089
4735
4075
2421
487
3175
3579
1995
3249
2354
3851
2214
2249
2300
4690
4667
2709
3050
4423
1088
305
1533
4005
3462
1639
4269
2342
532
2885
3039
4079
2930
1093
3193
4161
832
3104
4672
7
3586
970
3975
3955
985
4268
1791
4435
1695
1365
2907
2093
1516
3409
4556
3233
687
4475
3779
2477
1556
3256
632
4813
1641
2491
1224
1045
3338
3617
4632
4392
836
4120
995
3819
4377
3405
1633
2948
3422
3915
3658
4951
4946
4427
652
4765
4550
3768
2848
752
670
4021
2937
347
3823
3720
4830
3069
242
2293
1876
4443
1823
3970
910
4437
4366
1262
3717
2971
918
3354
3873
383
3674
2474
4518
1652
3753
4670
2665
3500
2753
1033
437
4117
1441
803
220
3393
1102
4560
1827
435
720
3657
1748
4461
1956
1321
4341
1464
3125
4989
2530
2780
12
3945
1339
3698
2509
1015
3903
2383
1908
1627
2669
3126
3892
1785
3585
22
1214
4891
2058
443
3402
3894
951
1140
3108
3225
2138
3508
1697
27
1967
1971
2373
865
393
38
2218
4500
4103
4418
1327
3275
2236
2734
44
4604
1374
606
3412
1055
3168
1674
2621
3652
2727
3785
2038
2274
588
2271
2518
526
704
575
3417
3692
1318
3642
2900
257
156
3825
4413
601
1252
552
1711
292
4482
2301
4618
2822
972
1085
3390
2765
2287
1477
2833
1331
1538
3918
376
4281
2967
4156
4034
2969
4541
4729
4308
2974
2911
460
4872
4100
4226
4241
2959
342
1816
893
3581
261
4908
2788
4725
99
3594
4339
2570
2023
431
2345
3989
2417
561
1191
3752
697
346
3710
3798
146
906
1087
2098
1905
3830
3620
3003
4189
51
1596
3808
4396
161
135
3983
3670
2732
1662
2196
2742
3831
2745
1691
1146
2208
88
2546
1802
1608
1871
3606
1429
4770
1911
4322
1171
2956
2760
4636
3730
3228
539
1368
3195
3420
1977
757
1969
4171
3094
162
379
4619
3850
2174
3281
3837
3474
2194
2511
2809
1976
1184
1622
4857
2355
1470
3024
1587
1805
1346
4898
1751
2544
4145
1658
3510
4272
3664
4511
802
3928
133
3789
4909
2187
901
521
4043
1842
799
4602
243
1215
2778
2662
2378
16
1063
1430
4002
418
107
455
3796
2972
3735
3080
17
3561
872
1799
327
2090
4054
1822
4733
2053
33
1411
2776
1404
1355
196
591
1646
1738
4537
4144
2225
1246
1056
3684
1322
514
4046
3391
1253
3158
1350
3705
2403
46
3539
3329
2651
971
4665
4798
877
3022
2112
1373
695
3938
2436
3280
678
1548
1991
2569
835
4421
49
4395
1132
1709
2328
2335
741
2855
2919
256
4186
2089
1478
4676
2136
592
2357
3222
2637
4904
3760
881
3395
2718
4603
1335
1479
2500
911
703
595
1625
1804
635
2472
2879
4834
65
1716
983
1810
2845
513
4170
4478
4487
621
4855
4138
1703
373
3697
842
1836
3419
771
790
2719
4984
2988
229
3215
3137
2916
2346
4719
2830
4516
559
733
2173
4924
3117
2316
1400
35
3387
1719
3042
1826
4918
2484
715
968
2320
2626
1218
11
3435
200
3871
651
862
712
4107
3564
1554
4607
3480
3392
4429
1963
1699
3378
1588
430
931
1448
3960
3979
2183
2553
283
506
4683
4999
328
1371
2076
4717
3009
758
4579
3211
4956
2588
4299
604
3733
4658
3375
4552
4312
2603
2482
3427
2501
1543
4205
3095
717
1793
1834
4279
4743
1814
2046
458
3014
3238
2716
352
3520
1131
4229
2636
4945
2949
2936
3054
4583
1584
1440
2347
3578
2025
3766
4298
359
4411
1307
1904
1779
3007
4102
3909
3911
1875
3115
620
3476
4578
4091
1001
4582
2616
2285
2712
923
507
2503
1755
221
782
4915
1343
2611
3899
1832
2832
1320
3129
1604
4863
2384
148
4590
4586
1782
1170
938
503
4759
520
1934
778
750
2049
2550
4889
3437
288
105
3132
2915
382
2374
4787
1722
4124
2595
3017
3265
1505
2013
2761
655
1287
3143
2549
3314
2866
2984
3667
1066
1486
4016
3711
719
517
363
224
476
2577
4332
4133
4382
3335
4709
4456
1160
4311
3344
3433
486
479
4109
933
268
1508
381
81
840
3235
2122
3655
1422
2957
680
4682
3187
2657
2779
4783
2614
4911
553
1628
4871
403
4248
1016
1552
1019
1656
1771
2170
321
2840
304
3947
215
4844
3347
1555
2517
2438
1600
4208
4790
1396
3780
4008
3673
465
176
2181
3565
708
768
4074
602
4894
1471
2314
3727
4490
4065
809
1438
994
1434
4009
3869
4504
1753
55
2379
991
3725
566
4404
4351
2976
3049
869
3613
4060
1670
1611
1
4789
4039
4544
511
4410
2133
2861
2531
138
2087
3362
584
4131
846
1462
1500
2825
2680
2692
784
3940
2458
2688
4301
3644
459
3537
2573
2125
4462
4495
973
1698
2294
4055
3483
3800
341
4213
3843
3151
1603
3396
4944
4320
2016
3601
3886
2567
3929
4420
2587
4047
2986
3465
3271
4202
2390
1225
2922
2157
1271
2366
2078
2102
2896
4040
2538
3536
783
4581
4868
4315
3724
4716
2649
1541
2349
4265
399
4432
3741
2721
4506
4952
131
671
1609
1783
3486
4393
1559
3199
624
3482
1421
4694
2678
2400
494
2255
3328
439
1277
2385
4833
74
2234
1727
4767
2935
4449
1314
1268
2283
2368
70
822
434
1789
2519
4391
1291
800
4934
4283
86
2004
3668
3963
2094
1630
2950
1333
3816
941
2336
3295
824
2166
2124
4397
2578
129
2356
4029
4175
4154
2839
4513
4799
4095
4353
4343
2807
4841
1357
1209
3060
685
3921
29
1549
2252
103
4629
1114
3897
1237
3882
1892
683
1732
2391
1257
95
4528
2209
4642
140
2095
654
4502
4003
2580
2975
1303
4825
3277
1629
4599
169
724
1154
2324
3337
3445
807
2247
4869
3472
1317
1527
1442
1306
2529
1452
1004
2153
4369
2646
3226
4522
1945
1213
534
1780
4829
3307
4921
2694
2559
3020
4722
2828
1391
721
3313
2359
4445
3197
3345
2197
313
3590
3935
248
4385
1853
2476
361
587
2202
2032
2015
2696
535
4669
897
3948
732
4179
3801
498
4914
1525
193
1979
2878
2597
3526
1136
3122
3159
2448
1721
1708
2371
1143
4048
3622
1003
2684
2910
920
4072
1308
1111
3521
1025
4501
1352
939
3382
4848
573
216
2470
4460
2647
3430
4112
296
3942
2774
3371
4123
3224
2364
4280
3499
4328
4375
3475
4795
1366
4649
3096
3923
694
1769
168
2431
4190
4069
2210
1292
3370
2752
230
1887
2575
483
4222
1830
2012
475
1043
3312
3259
4307
1204
1347
3103
62
2705
3995
1439
2286
2805
2655
2970
4485
3316
4533
1948
4740
3388
2514
4178
2380
432
1696
1279
2313
1064
488
4068
3479
2928
4484
3408
386
2895
4419
3246
3872
2213
1917
3363
1978
1595
1192
3998
3448
3079
400
2980
4910
1235
3237
3112
4041
3048
2540
954
3919
190
2672
2598
3893
58
4247
4172
3771
997
468
3174
1645
4684
4342
1972
1676
4416
1115
4288
2729
2073
408
2682
4750
1312
2635
2686
577
3261
2703
637
1994
3523
3323
2859
3340
15
1179
576
2139
4015
2024
2938
297
728
1640
3912
4942
4304
1986
3397
298
1925
1992
4677
2670
3858
3875
3702
590
3495
2107
2798
72
150
1062
2908
1390
4376
1289
36
3301
1901
2344
3250
4992
2961
1319
2072
904
3563
3031
1165
792
1353
4882
172
1857
4011
4982
1615
4652
2653
2257
1210
2395
2219
3045
4085
770
4862
4038
2215
4680
3649
1194
1323
303
4317
3090
1038
228
2162
4125
737
171
2195
4253
4673
3913
978
873
4707
2548
2027
4263
1903
1239
2883
1175
1109
3595
163
1718
3154
1940
151
2439
202
947
2695
3358
4398
3570
834
4333
3322
1521
3694
817
3514
4972
4806
2739
3001
603
2230
4663
4139
3444
4096
210
574
1927
343
4194
661
4697
3481
1950
496
4167
1813
4967
3614
1568
337
3138
477
1973
3150
1507
470
3610
1057
1606
4880
4439
2899
1334
3641
2096
2532
1546
3936
3848
3861
173
116
1761
586
2427
4493
3669
3663
3693
4349
1567
1377
860
203
3304
3722
3097
1483
1928
41
4142
48
4885
3782
1039
1266
1458
867
334
2227
1443
274
4076
1959
2409
1765
4768
2425
2363
902
3185
858
4737
818
3098
2039
75
2596
2877
2633
3896
344
4810
3339
794
1166
1689
4520
3063
3635
1736
4760
2797
4160
132
1285
908
940
1101
47
1519
2428
1012
2801
1395
948
2317
115
4182
3278
512
4113
1451
3458
2741
3016
3677
2591
1844
4257
4916
1798
660
4899
4360
3243
2794
4463
1947
555
234
1351
3240
2489
1729
3639
93
2337
1211
1764
4814
3845
4931
3299
4576
4838
445
3527
567
3603
4146
3272
1302
1207
3242
1985
4045
1597
585
2191
4655
2118
4555
2555
1526
3844
2171
2276
2854
2419
2204
746
549
1077
2119
4731
3463
1238
890
3212
4302
1162
2699
3460
2037
413
2973
1128
1254
2642
3106
2333
3828
1195
682
286
1574
227
2217
1340
4901
1795
2445
2747
3718
2955
2075
2109
2728
4657
2759
3876
2574
1083
2052
1487
642
481
308
4569
1776
388
582
1644
3990
4696
263
6
2260
1781
2167
43
4701
3310
2129
3764
3466
3317
4119
1523
839
2793
1643
4105
963
356
1137
3917
2266
4052
1403
3706
3558
3356
4922
3788
3732
1730
2499
2022
472
3946
2785
405
2360
1425
1536
4708
2480
3341
1030
924
2999
3630
4402
4183
4959
175
3977
56
572
2520
4950
1553
1168
3078
485
4028
849
231
1401
3862
4595
775
142
3685
3227
4401
501
2755
499
1497
4585
119
882
1843
1219
4858
631
730
4073
2835
197
2413
3359
4239
2179
3959
1309
1623
656
90
2005
3795
4693
2731
1790
3081
4723
1076
3140
3298
4807
2921
1598
1759
3038
2663
2622
364
3546
1107
4521
2207
3793
4452
152
1313
4464
3829
816
3477
960
1118
4347
3740
247
1070
2586
2298
546
3202
3349
3944
1159
4252
4348
451
166
981
3703
2149
3052
1091
2270
3163
2624
3650
2640
4782
462
1743
2836
2968
3172
2769
3254
4173
3005
2288
2459
711
3827
3905
727
4860
1563
2329
1172
1482
4141
4057
1361
2161
4031
4621
2084
2389
2865
3334
898
478
275
1723
2979
2691
318
96
557
2142
452
120
1671
2671
3200
999
2216
4480
742
907
3653
4255
5000
4286
2620
1800
2892
2634
4587
524
3255
4035
3070
2528
1018
2946
2796
4597
3774
1220
4646
2311
2423
596
147
4853
2958
1329
4741
1243
2121
4155
4938
1715
4453
2132
3554
4570
3309
2026
3478
2147
1295
3269
340
4780
3037
3868
675
4640
63
2054
2990
1493
2706
3836
1248
4654
3992
52
3114
4336
3559
2332
3266
2524
218
2177
1223
4820
2141
3490
811
1807
2323
4763
1414
3926
385
246
3144
899
4800
2497
1686
4070
3410
1105
3004
4917
1651
4352
788
1270
3164
4291
3364
4964
2410
1770
1838
4240
2367
2009
1502
225
1123
2924
2629
889
4130
4062
4612
1230
4611
1866
4006
2233
3806
4115
1242
3374
4059
3067
523
2036
2411
4932
925
1481
812
2789
2676
2461
3198
2843
4840
4933
3888
493
1532
3394
3488
1031
647
4446
2104
2151
1620
4051
958
1624
4644
4058
2376
4878
1053
4361
4412
979
3849
3053
4826
2802
3932
684
2176
4244
4757
4752
2554
674
2277
4796
2299
2993
4980
4968
1286
3591
4808
1649
4210
4605
4993
2713
4153
1032
3551
1119
2673
1052
868
2777
1862
4066
3326
500
1551
679
525
3386
101
2803
579
805
3878
3951
905
1924
217
4466
118
3573
841
1618
2220
4185
2080
2159
3743
3885
4940
4433
2146
1108
111
2353
64
1484
3497
429
384
1034
377
425
2722
2565
3678
3109
1511
527
2891
2981
767
2717
4812
1900
4600
2685
2894
1095
4223
299
1642
1872
1815
85
1069
1558
3147
1657
1145
4849
1571
4152
2114
357
249
837
1418
3822
92
1275
1808
3832
1717
4426
1173
2160
3548
626
2462
927
4761
4637
1701
2631
3833
4562
615
3547
2775
2952
1660
677
4165
2579
4706
1693
2020
4330
1446
1259
201
1983
2645
402
4574
863
291
4013
710
1189
1839
4108
1702
2248
2853
1964
4197
1920
2576
3820
4071
1499
45
4470
3615
453
2871
199
4083
4575
1550
2813
4
3263
2243
2307
1011
2816
3503
1455
1962
759
3920
3025
2618
4527
165
4662
4650
859
2600
2666
1492
731
2111
489
705
3360
605
4566
1938
87
4340
366
3666
3775
2223
1378
4489
1405
1138
353
1936
3121
2100
2492
2051
3729
2592
4831
3680
1560
4450
1428
3612
213
903
1231
2889
4974
612
2268
1503
1648
4436
374
42
3538
267
1367
2001
294
1806
350
4728
4703
773
1984
3993
4295
3366
4203
1375
639
3156
2134
668
2145
2604
2711
2327
3321
1474
4111
610
117
2092
1420
2047
2615
1734
1852
2516
1829
4498
1688
412
4364
644
4710
365
2612
3867
2571
411
424
4842
2817
769
182
369
2042
649
454
4266
1777
4732
3769
3241
2707
226
4923
4417
2770
699
1051
980
2272
829
2241
1935
2838
2594
1163
4004
4118
864
2429
3501
2169
3107
1040
2035
4019
4549
3569
4399
4335
3073
1256
252
3236
461
375
4532
2700
2152
1345
3662
801
3473
810
1913
4715
3
4309
2203
1955
3701
1796
324
4379
4325
1788
2456
2475
317
887
3815
2040
1772
4551
1724
3834
4577
4739
4036
780
4459
4220
24
4832
4143
3221
2044
4346
323
821
3027
4000
2418
2842
1747
4249
613
4217
102
2452
4127
3066
957
528
1581
787
2060
10
1524
3553
4774
4024
2818
4867
4086
4856
3247
3507
1449
723
4758
2583
2730
3966
2997
1410
3086
2507
2440
1029
1786
2082
2858
4032
3651
3880
2386
4238
4442
1326
2933
307
4126
3529
3292
4140
853
28
3072
4486
2566
4559
1902
4608
4568
3824
3814
3870
2513
1675
2295
3525
4050
2792
3804
3084
4310
1756
2067
2331
4671
4276
819
2557
4622
3645
469
949
1897
1236
3453
4061
2702
1569
2898
850
1561
515
1996
2541
3432
689
4216
3188
1183
2884
3327
3056
4540
2432
3756
4751
122
4975
4606
4331
2675
3331
1394
3847
2186
1127
2558
98
2701
916
4430
2490
542
761
3950
4465
1746
1666
1706
2852
4496
3987
128
4204
2339
3647
3379
1402
329
2890
3012
3089
2126
1197
1878
3194
3999
1700
4827
1757
2654
2375
1877
1383
2245
4988
1840
2913
1960
1939
634
2750
3320
502
917
2748
2150
185
4892
3205
4523
628
779
3682
2543
3173
1433
755
996
4791
4877
3296
2749
253
3015
3133
406
3051
926
1968
4169
4953
4219
9
4695
2523
2811
4271
2738
1655
3517
1745
1341
2790
2269
109
1704
4327
1682
743
410
2137
124
1763
3679
4389
1472
3157
3232
3588
2154
3399
2481
558
2873
1061
1517
2862
3400
1735
4906
1634
3041
2996
1825
608
1820
4345
1324
3584
2278
4875
3496
1910
1419
1124
4852
967
1186
3783
2756
1216
625
3751
1249
2824
2773
4287
1631
594
295
4454
2465
4384
4471
3726
1599
2751
2505
3111
3270
1200
4785
333
3791
2178
4428
83
4207
409
2043
4546
4407
3342
1870
2397
4589
3757
536
77
1082
2416
1621
2381
3778
1812
480
2156
2527
4823
505
1151
3802
1896
4821
1726
1234
3839
1837
1005
930
4110
1158
2478
607
1432
1614
2471
1740
866
3343
1120
1278
2697
4775
18
774
3100
1539
4214
3267
2127
2226
1476
1042
2394
2450
550
4961
3721
4660
398
4536
482
155
2222
276
1094
1169
3082
4530
3835
240
3083
3010
583
1044
2079
2201
2585
2906
4864
2048
1573
2251
2028
251
223
1880
3414
1613
4326
3353
4769
2168
1841
3088
4373
4804
1741
1134
1873
609
645
3562
94
1148
2733
3076
300
1650
2083
3182
3519
4819
3688
2888
1362
1683
3530
2498
1126
1638
3744
2070
2140
3971
3799
2011
3179
1664
4786
4926
3817
1294
738
3252
4638
4159
2155
1424
4020
4620
4884
2560
3937
3714
3973
3742
533
3687
3509
1447
884
1582
3428
3773
2515
4907
1602
3289
716
989
4206
1269
3749
1247
3803
4483
3406
3777
1684
3423
367
4627
3415
2909
5
2469
2693
2029
2441
1787
1113
2806
4698
2099
3276
349
130
1337
831
883
4314
3810
2315
272
2856
2991
2764
4355
987
2242
2370
2704
125
351
4400
285
2814
2131
1749
1668
3487
2018
330
3631
2581
2088
3229
1864
4628
2486
1491
433
4049
895
1580
2103
851
3324
1557
4093
990
543
3731
4565
4843
806
97
3759
1540
4081
4685
164
4978
3447
4818
2258
844
815
4745
4712
2568
2659
1929
3186
4699
548
2014
4886
764
4218
4425
3046
1498
2362
1135
4251
808
2905
1046
287
25
139
2995
3245
416
856
3319
4987
2348
2886
1626
1273
797
1907
1504
735
4900
3220
3516
4514
2387
554
935
2306
3695
2992
3552
4114
3879
26
2405
4623
4294
2698
3681
4689
1987
4688
2914
13
988
3506
2746
4545
3492
4976
3043
266
1803
1460
1974
1465
37
4440
497
928
4626
2962
1737
4766
2784
1535
1075
2282
3576
4101
3118
3456
2978
3648
4664
2563
1121
3853
551
1144
3600
2106
3484
4584
2617
2656
4647
3036
2931
827
3436
3738
966
4547
4971
1544
878
3093
2940
2291
4370
4250
4365
1572
1942
2758
4778
2562
371
2942
3234
4679
